
WE028.tsv: 1228 words, values 1-1260
stat           mean     sd     p05     p95  target    pct
r_fam        -0.021  0.062  -0.103   0.145   0.630    100
r_1xyz       -0.046  0.071  -0.092   0.106   0.208     97
r_34         -0.012  0.052  -0.084   0.088   0.422    100
r_row         0.058  0.100  -0.058   0.272  -0.063      5
S_w           0.072  0.081   0.000   0.250   0.621    100
z0_3          0.089  0.023   0.062   0.138   0.387    100
z0_4          0.144  0.050   0.080   0.230   0.390    100
rare3         0.462  0.050   0.387   0.553   0.076      0
rare4         0.335  0.072   0.241   0.472   0.059      0
part_share    0.042  0.012   0.022   0.065   0.358    100
distinct    126.867  8.883 113.000 145.000 216.000    100
singletons   68.450  8.453  56.000  86.000 139.000    100

THE972_bourdeau.tsv: 527 words, values 1-1600
stat           mean     sd     p05     p95  target    pct
r_fam        -0.023  0.017  -0.048   0.000   0.630    100
r_1xyz        0.131  0.173  -0.040   0.412   0.208     65
r_34         -0.057  0.019  -0.088  -0.016   0.422    100
r_row         0.000  0.041  -0.058   0.088  -0.063      2
S_w           0.023  0.137   0.000   0.000   0.621     98
z0_3          0.094  0.036   0.045   0.151   0.387    100
z0_4          0.100  0.024   0.065   0.144   0.390    100
rare3         0.615  0.065   0.508   0.722   0.076      0
rare4         0.332  0.050   0.266   0.419   0.059      0
part_share    0.006  0.005   0.000   0.016   0.358    100
distinct     89.833  8.862  75.000 107.000 216.000    100
singletons   40.850  6.377  31.000  53.000 139.000    100
