b1
575 26 356 18 737 1028 758 828 1149 672 835
1154 1033 662 53 1013 928 883 942 823 661 892
b2
259 581 491 101 1149 111 1033 704 854 620
162 113 427 588 1201 18 1207 703 1148 119 669 387
278 197 796 695 659 18 972 1016 929 1201 26 1099
388 874 835 659 42 941 1250 163 928 690 18 468
b3
388 874 835 659 42 941 1250 163 928 690 18 468
321 278 742 278 695 1069 580 1154 839 369
357 697 665 941 270 278 695 473 67 1206 16
344 1033 927 833 580 1032 894 835 691 963 661
b4
663 1142 045 1029 941 663 754 506 1013 387 695
344 1033 927 833 580 1032 894 835 691 963 661
1114 381 238 278 659 54 926 1154 38 385
835 702 358 580 1018 26 1112 592 1143 941 959
b5
1013 1018 1099 1240 1207 758 1145 690 123 369
17 1211 16 8 1213
