b1
1013 18 164 389 384 660 840 695
1013 1013 101 1149 335 870 1250 191
1024 349 926 580 1154 919 56 115A
1201 4A9 581 1013 659 36 30 1109 296
b2
1201 4A9 581 1013 659 36 30 1109 296
929 695 949 1102 1240 ? 162 1024
1049 386 103 441 381 1114 385 1020 796
356 660 695 18 1149 843 101 325 192
b3
356 660 695 18 1149 843 101 325 192
588 386 605 922 796 75[6/5] 657 441
942 600 833 289 1114 208 796 18
481 282 891 1013 1243 580 1032 594
192 278 163 195 1233 659 51 926 939
b4
481 282 891 1013 1243 580 1032 594
192 278 163 195 1233 659 51 926 939
822 1109 506 758 18 835 302 1018
792 1185 1020 396 1013 445 792 295
1370 580 1032 594 1085 926 923 1020
b5
1370 580 1032 594 1085 926 923 1020
1114 385 695 1013 692 1013 795 404
369 385 588 476 926 828 661 892
459 576 384 446 1154 690 426 385
1148 334 169 589 943 732 169 831
