b1
1212 278 5[9/?]6 591 289 834 278 1014
591 1102 691 945 869 1268 697 665
941 290 1255 575 26 849 101 733 822
b2
941 290 1255 575 26 849 101 733 822
1109 506 758 1033 661 241 255 1156 692
289 1209 691 1201 802 1154 695 934 282
1033 661 691 945 18 508 1261 163 697
757 1027 948 928 18 1114 661 263 152 792
b3
757 1027 948 928 18 1114 661 263 152 792
926 1154 835 576 887 1033 704 1107 660 342
282 665 576 887 1033 704 1107 660 342
289 665 576 1200 1020 660 899 831 1143
1450 795 520 941 1014 968 381 429 30
b4
289 665 576 1200 1020 660 899 831 1143
1450 795 520 941 1014 968 381 429 30
1099 289 164 34 662 1290 1033 659 432
278 660 140 623 278 1014 709 123 595
1100 757 926 18 838 1013 668 12 843 588
b5
278 660 140 623 278 1014 709 123 595
1100 757 926 18 838 1013 668 12 843 588
695 345 926 191 792 823 1045 432 926
659 459 68 438 96 369 18 218 880 581
1143 941 1013 893 101 890 192 369 382
922 381 1081 796 1013 386 738 251 399
