b1
208 5[8/3]8 386 [5/9]1[3/9] 823 163 926 661
006 508 599 508 892 65 904 1033 5[6/0]0
?29 379 1109 1243 588 695 348 922
b2
?81 79 1148 734 594 1102 943 461 1149
?23 922 1148 111 993 924 588 1097 1232
929 386 76A 258 1013 416 133 1020 596
1099 493 1149 843 484 929 456 551
b3
1099 493 1149 843 484 929 456 551
400 932 851 581 258 660 140 1150
396 1102 289 1006 291 99 38 935 381
1109 169 369 1042 835 1125 941 18
b4
1109 169 369 1042 835 1125 941 18
709 184 922 796 59 278 140 488
1290 588 695 345 922 381 1024 854
1065 792 1148 46 692 929 455
b5
1065 792 1148 46 692 929 455
1114 369 851 493 662 542 1013
661 971 290 19 661 926 662 907
529 385 756 494 792 830 100
609 1033 659 134 289 1006 184 960
b6
609 1033 659 134 289 1006 184 960
?96 666 536 461 1113 592 1142 941
