240
318
401
367
211
382
108
152
109
34
450
109
471
541
525
113
511
262
321
382
402
56
393
482
110
152
34
445
152
109
382
110
42
39
487
382
283
184
37
208
401
240
113
235
20
213
401
334
137
374
262
410
380
334
271
402
109
17
239
378
443
237
55
300
401
450
109
471
55
301
283
455
284
152
113
235
21
240
486
410
400
340
176
401
2
378
32
378
3
320
382
401
237
382
56
301
235
450
507
72
367
492
346
382
401
41
410
400
112
461
402
240
57
49
288
403
346
295
79
213
401
146
402
429
262
285
65
138
403
109
487
175
271
287
320
395
55
201
14
287
65
367
492
37
382
401
237
53
450
114
320
382
322
382
378
426
152
486
426
152
94
401
404
284
70
443
575
112
230
57
319
235
36
208
300
284
401
426
152
219
450
235
247
190
152
70
346
593
507
346
597
410
380
109
471
340
190
380
283
110
410
104
240
523
173
235
471
446
450
401
287
429
341
327
137
401
