# base codes of specs/la-garde-1577.json, marks stripped, MARK^ dropped (build_basecode.py)
15 16 22 23 1 10 3 14 5 10 11 11 13 14 3 15 17 12 15 6 19 14
10 16 14 7 17 22 10 2 1 12 19 24 14 20 2 6 17 20 11 8 11 6 1 2 20
9 9 14 3 20 14 5 15 10
24 1 2 11 21 10 3 4
29 12 24 21 6 10 20 16 4 7 11 17 10 16 12 15 7 10 23 16 3 11 19 3 5 1 16 1
16 10 7 23 17 24 29 12 16 10 8 18 10 8 16 4 6 22 24 4
8 16 9 21 5 10 18 1 16 19 1 13 8 10 2 12 9 20 21
8 2 15 6 18 12 5 9 12 18 14 24 17 21 18 12
1 16 7 17 2 6 10 10 3 9 21 23 5 3 2 13 23 5 1 10 8 24
20 8 9 9 13 7 22 3 8 4 14 11 19 7 15
7 8 2 11 10 19 14 12 9
3 07 4 14 4 8 11 2 4 07 11 24 3 9
2 17 5 11
10 8 2 10 5 7
9 07 4 10 8 9 07 4 7 1 3 12
