L01 =Monsieur =depuis =nostre =derniere =nous =avons 121 132 31 22 61 71 32 81 121
L02 61 36 92 72 1 6 37 26 337 121 141 116 62 101 27 103 93 38 7 51 53
L03 16 40 85 111 63 12 112 39 23 91 21 64 3 76 81 13 64 22 33 107 88 71 82
L04 82 4 21 85 31 8 37 24 5 81 77 83 87 61 72 9 4 17 38 81 2 6 40 27
L05 84 28 33 13 8 27 30 102 66 113 82 79 81 76 83 117 8 25 82 21 121 132 12
L06 15 114 36 28 115 10 5 94 31 81 120 19 26 82 3 74 83 28 34 71 62 23
L07 33 102 82 26 4 8 40 30 61 31 35 62 2 77 83 24 10 1 29 84 2 11 6 2
L08 83 27 61 40 12 113 36 21 114 6 2 93 76 81 78 40 85 27 101 1 39 21 27
L09 62 13 21 82 26 2 9 40 27 87 21 61 3 71 6 =Si =en =cas =que 2 81
L10 40 101 82 2 81 3 33 12 62 26 85 3 72 94 31 83 117 12 26 5 6 39 28
L11 14 25 63 4 76 81 22 7 3 27 1 6 26 31 [blot] 81 26 71 96 81 118 101 2 121
L12 83 4 31 21 82 92 23 61 40 84 81 38 272 35 6 39 31 78 21 7 102 73 34 122
L13 39 81 22 26 270 121 132 =pour =autant =je =vous =supplie =de =y =adviser 123 132
L14 12 6 37 21 2 7 36 27 33 61 2 76 21 82 112 61 117 62 102 4 132
L15 65 86 90 101 2 16 40 82 4 8 [spot] 28 40 7 36 27 14 37 26 30 101 9 2 26
L16 105 7 102 2 76 21 82 30 61 1 29 29 12 81 22 33 84 77 81 92 83 9 29
L17 7 2 4 6 36 27 76 7 3 81 4 31 91 22 61 2 76 84 121 82 26 12 83 21 61 3
L18 71 82 18 37 81 27 101 5 6 40 29 62 37 102 9 4 28 76 37 81 26 7 39
L19 31 22 8 102 29 13 105 82 72 94 26 77 83 326 16 37 81 83 3 12 61 26 29
L20 61 2 31 3 6 40 29 14 7 39 111 21 102 8 2 27 82 117 13 6 21 31 84
L21 121 272 12 7 35 21 61 39 33 62 2 33 26 102 82 40 8 39 28 33 24 7
L22 40 36 81 27 112 61 28 71 96 9 26 82 86 61 101 26 62 66 112 82 122 121?
L23 36 6 39 28 3 7 40 30 12 6 37 113 7 113 21 102 82 27 61 26 30 104 27 31 81 22
L24 =et 76 81 13 101 82 72 83 26 =et 77 82 91 6 37 26 91 82 2 27 121 78 84
L25 79 82 112 65 =nous =avons =eu =les =nouvelles =que =Rittmeister =Schenck =et =encores =par =dela =en =voz =quartiers =je =vous =supplie =de =nous =mander =s'il =est =ainsi =ou =non
L26 =sur =ce =ferai =la =fin =priant =le =tout =puissant =vous =donner
