L01 =Monsieur =depuis =nostre =derniere =lettre =par =la =quel =nous =vous =avons =mande?
L02 81 1 19 36 82 iii 112 88 31 21 61 71 72 84 2 61 37 26 85 27 33 101 7 3 28
L03 62 38 62 72 4 8 39 29 22 83 36 27 32 23 84 28 113 85 17 40 84 115 56?
L04 4 7 38 29 10 5 31 62 113 63 85 102 7 63 72 74 10 24 77 81 136? 1 76 82
L05 116? 107 116 7 104 29 63 37 84 72 91 21 64 7 76 82 12 83 101 9 81 112 85
L06 18 37 81 115 77 84 73 6 117 118 82 2 75 84 114 81 [blot] 77 37 11 22 83 26?
L07 82 3 33 76 82 12 36 103 27 2 7 40 30 65 37 10 5 29 13 61 26 82 40
L08 79 82 30 6 40 26 2 7 38 83 112 81 28 16 37 81 115 82 76 83 22 1 102 8?
L09 21 85 30 17 36 61 37 8 2 29 21 82 71 83 39 ii 63 29 40 5 12 83 71 10?
L10 96 9 118 85 113 84 18 37 82 112 62 85 40 iii 64 28 72 96 65 21 91 8?
L11 76 82 112 65 312 218 =pour =autant =nous =vous =supplions =bien =humblement 76 82
L12 2 6 37 26 118 62 2 76 81 22 39 8 27 31 23 82 55 80 36 103 39 83 33
L13 21 81 30 10 111 36 32 105 9 5 29 38 24 34 10 40 35 61 39 12 112 36 26
L14 31 6 26 32 16 40 102 86 62 103 28 82 71 83 15 9 38 112 22 62 =affin =que
L15 =nous 2 83 14 65 24 76 8 4 27 13 62 28 113 85 31 84 119 12 28
L16 iii 83 20 40 82 112 81 26 31 66 101 85 5 72 6 40 25 34 =quant =a =nous
L17 90 21 61 1 71 6 101 26 2 7 37 26 62 38 8 3 29 21 82 73 84 40
L18 76 81 4 9 39 83 111 114 84 27 16 36 102 123 57 28 82 21 22 6 1 31
L19 66 102 81 2 31 7 26 32 30 40 25 111 61 120 85 30 27 82 111 112 84
L20 81 33 104 112 81 62 16 36 101 2 56 82 73 83 5 32 339 81 32 33 21 6
L21 105 26 72 82 5 34 338 2 6 36 26 81 27 12 83 21 6 1 28 16 37 101 iii
L22 26 82 22 10 5 35 61 101 82 2 31 6 26 32 61 38 13 21 82 26 82 =nous
L23 =au =demourant =il =nous 61 86 62 101 112 103 92 [blot] 21 82 31 102 22 83 23
L24 1? 6 40 30 92 82 3 26 76 63 38 15 21 81 22 85 112 61 312 273 62
L25 71 62 39 26 82 16 36 81 112 81 26 96 6 39 21 62 92 83 27 =et 347 =nous
L26 6 2 32 71 7 118 119 81 3 72 83 90 6 21 31 61 88 62 101 111 101 81
L27 21 =et 62 36 6 2 26 112 7 91 82 2 6 40 30 94 81 3 27 101 71 51 62
L28 113 83 4 32 8 39 24 76 81 41 82 31 96 83 128 82 33 73 61 21 31
L29 104 123 56 84 33 115 61 65 36 12 21 81 27 =Nous =vous =supplions =afin
L30 =que =nous =puissions =avoir =de =vous =nouvelles =ou =si =tost =que =faire =se =pourra =ferons =la =fin =priant =le =Createur =vous =donner
L31 =Monsieur =sa =saincte =grace =ce =faict =au =Camp =de =Cartelz? =ce =25 =de =Mars =l'an =1574
