34 28 10 32 16 29 6 19 18 6 7 34 6 34 5 30 17 6 19 32 14 34 30
3 17 22 32 10
16 18 28 17 16 8 9 27 18 6 34 16 18 14 24 18 8 5 19 27 6 19
13 16 19 28 B
13
4 8 19 33 28 B 25 18 32 22 10 14 2 32 8 23 6 3 10 5 10 4 8
18 32 2 6 31 32 20 25 30 19 16 18 2 8 28 34 13 6 19
3 10 30 2 6
3 17 6
10 5 19 21 6 34 14 28 33 27 19 6 10 8 18 5 2 6 14 2 32 19
28 18 28 19 14 7 23 5 16 18 12 5 17 32 16 18 32 12 27 5
22 13 14 2 32 14 2 3 25 5 10 16 28 2 32 12 8 5 22 6 7 2
5 20 6 25 14 30 10 5 18 5 2 30 10 13 23 5 3 17 5 10 4 8 31
18 32 6 18 2 6 19 30 12 31 10 32 14 10 5 7 17 6 16 18 14 5
18 19 32 14 31 34 4 8 19 25 10 32 14 2 32 19 6 7 10 13
28 18 6 3 5 2 3 29 32 16 5 18 26 6 4 8 19 6 26 6 18 3
33 5 30 26 7 21 5 10 6 18 28 18 8 10 32 7 19 32 19 32
10 4 8 18 28 3 10 26 6 7 5 18 6 30 31 28 24 2 30 12 5
18 6 16 18 21 32 20 10 32 7 18 5 31 17 18 32 16 23 6 23
7 5 18 6 5 18 22 21 30 31 18 32 7 2 6 13 14 29 32 4 8 18
14 2 32 16 31 14 21 2 32 18 6 13 10 28 14 10 30 17 5 18
30 34 13 29 5 6 21 4 8 18 5 5 10 18 32 14 10 5 22 17
18 16 18 28 28 10 13 4 8 18 14 2 5 5 10 3 2 5 6 8
32 2 28 10 16 31 5 18 15 7 32 2 32 13 6 21 31 8 15
10 6 18 5 10 30 17 6 14 2 32 8 18 32 31 18 32 7
10 5 29 7 5 17 7 10 32 7 17 22 18 32 7 18 16 18
4 8 18 10 17 28 18 8 10 32 7 17 16 10 3 17 22
16 29 28 17 13 18 32 6 8 28 8 22 10 5 28 18 8 10
17 5 29 7 5 10
13 6 18 14 2 32 6
8 21 18 6 18 19 28 20 5 8 7 29 16 18 7 18 32 18 5
7 10 22 18 32 7 19
