== M34-014-0030 / crops_0030: line: units | tick candidates as (x in crop, area, over unit)
  f0030_L01.jpg:  2 | [(1081, 34, None), (1152, 27, None), (1375, 40, None), (1071, 21, None), (1089, 24, None), (1358, 66, None), (1134, 38, None), (1157, 42, None), (1422, 72, None), (1112, 25, None), (1330, 35, None), (1450, 117, None), (1504, 113, None), (1150, 24, None), (1473, 46, None)]
  f0030_L02.jpg:  2 | []
  f0030_L03.jpg:  2 | [(299, 17, 1)]
  f0030_L04.jpg: 11 | [(261, 36, 2), (310, 98, 2)]
  f0030_L05.jpg: 13 | [(328, 18, 2), (354, 32, 2), (578, 48, None), (27, 202, 1), (82, 87, 1), (356, 15, 2), (175, 18, 1)]
  f0030_L06.jpg: 13 | []
  f0030_L07.jpg: 11 | [(1631, 25, 10), (8, 135, None), (91, 159, 1), (36, 25, 1)]
  f0030_L08.jpg: 11 | [(42, 168, 1)]
  f0030_L09.jpg: 16 | [(1606, 299, 15), (1503, 225, 14), (897, 114, 9), (1529, 18, 14)]
  f0030_L10.jpg: 11 | []
  f0030_L11.jpg: 11 | [(665, 50, None), (773, 29, 5), (911, 64, None), (879, 23, 5), (210, 69, None), (859, 22, 5), (1194, 246, 7), (1155, 105, 7), (1283, 77, None)]
  f0030_L12.jpg: 14 | [(299, 90, 4), (1583, 28, 13), (1688, 103, None), (887, 254, 7), (853, 29, 7), (856, 226, 7), (1032, 48, None)]
  f0030_L13.jpg: 13 | []
  f0030_L14.jpg: 11 | [(1220, 22, 8), (1546, 174, 10), (1240, 152, 8), (1670, 29, None)]
  f0030_L15.jpg: 12 | [(25, 22, None)]
  f0030_L16.jpg: 11 | [(1181, 36, None), (1314, 24, 9), (1275, 34, None), (1189, 20, None), (1656, 40, None), (1142, 15, 7), (1306, 65, None), (1365, 31, 9), (1498, 47, 10), (1507, 26, 10)]
  f0030_L17.jpg: 11 | [(1628, 178, None), (1194, 15, 9), (6, 19, None), (1299, 19, 9), (1129, 34, 8), (1427, 25, 10), (1509, 23, 10), (1479, 16, 10), (1133, 36, None)]
== M34-014-0031 / crops_0031L: line: units | tick candidates as (x in crop, area, over unit)
  f0031L_L01.jpg:  2 | []
  f0031L_L02.jpg: 11 | []
  f0031L_L03.jpg: 10 | [(1833, 24, 10)]
  f0031L_L04.jpg:  9 | []
  f0031L_L05.jpg: 11 | [(685, 49, 5), (1303, 87, 8), (815, 17, 5), (1312, 24, 8), (893, 221, 5), (997, 36, 6), (976, 22, None), (1036, 40, 6), (1057, 27, 6), (1127, 44, 7)]
  f0031L_L06.jpg: 10 | [(763, 25, 4), (1145, 15, 6), (1113, 59, 6), (1740, 24, 9)]
  f0031L_L07.jpg: 12 | [(986, 18, None), (1615, 15, 10), (946, 103, 6), (1273, 96, 8)]
  f0031L_L08.jpg: 10 | []
  f0031L_L09.jpg: 11 | []
  f0031L_L10.jpg:  8 | []
  f0031L_L11.jpg:  8 | [(324, 144, None), (82, 212, None), (116, 61, None), (96, 32, None), (440, 123, 3), (56, 77, None), (531, 21, None), (564, 24, 4), (541, 63, None), (760, 68, 5), (580, 27, 4), (852, 92, 6), (574, 21, 4), (822, 48, None), (643, 17, None), (732, 43, 5), (1207, 53, 6), (772, 51, 5)]
  f0031L_L12.jpg:  9 | [(576, 47, None), (551, 26, 4), (655, 45, 5), (746, 18, 5), (673, 34, 5), (729, 34, 5), (738, 19, 5), (871, 31, 5), (907, 24, 5), (994, 22, 6), (1138, 51, 6), (1458, 40, 7), (1828, 18, 9), (1193, 19, 6)]
  f0031L_L13.jpg:  8 | [(1082, 15, 6), (1171, 31, 6), (1526, 32, 8), (548, 24, 4), (1332, 19, None), (1308, 109, None), (1354, 25, None), (1322, 38, None), (1613, 36, 8), (1740, 99, 8), (1705, 25, 8), (1180, 160, 6), (1726, 22, 8), (1440, 83, None), (1622, 51, 8), (1192, 16, 6)]
  f0031L_L14.jpg:  9 | []
  f0031L_L15.jpg: 11 | []
  f0031L_L16.jpg:  7 | [(1515, 80, 5), (1607, 66, 6), (1743, 65, 7), (434, 87, 1)]
== M34-014-0031 / crops_0031R: line: units | tick candidates as (x in crop, area, over unit)
  f0031R_L01.jpg:  9 | []
  f0031R_L02.jpg: 11 | [(1209, 52, None), (1421, 80, 9), (1509, 42, 9)]
  f0031R_L03.jpg: 10 | [(1760, 28, 9), (1478, 36, None), (1733, 54, 9), (1509, 60, None), (1659, 20, 8), (33, 46, 1)]
  f0031R_L04.jpg:  9 | [(30, 321, 1)]
  f0031R_L05.jpg: 12 | [(1070, 16, 7)]
  f0031R_L06.jpg: 12 | []
  f0031R_L07.jpg: 13 | [(1764, 59, 13), (142, 21, 2), (1878, 79, 13), (284, 19, 3)]
  f0031R_L08.jpg: 10 | []
  f0031R_L09.jpg:  9 | [(581, 96, 3), (615, 26, 3)]
  f0031R_L10.jpg: 10 | []
  f0031R_L11.jpg: 10 | []
  f0031R_L12.jpg: 10 | [(1883, 86, 10), (8, 30, 1)]
  f0031R_L13.jpg:  9 | []
  f0031R_L14.jpg: 11 | [(364, 51, None)]
  f0031R_L15.jpg: 11 | [(1226, 69, 6), (1381, 68, None), (1574, 56, None), (1760, 96, None)]
