run 1: 79 32 53 82 54 39 64 56 45 82 34 93 75 68 53 86 xiiij 17 43
       .aisi.nlesauroit[xiiij].e
run 2: 1 75 49 59 43 86 83 96 45 84 87 42 82 16 84 53 72 74 12 42
       [1]r..etsYestes.sipr.e
run 3: 84 18 45 82 17 32 93 68 53 75 0
       s.es.auoir[0]
run 4: 43 18 19 87 39 45 79 65 54 16
       e..t.e.oi.
run 5: 45 64 83
       ens
run 6: 36 12 65 63 62 45 46 32 83 94 63 49 35 84 17 41 43 9
       b.onnefaSUN.as.[41]E[9]
run 7: 42 75 14
       er.
run 8: 17 43 69 45 76 19 65 62 43 68 19 39 93 53 96 76 28 4
       .e.Er.oneO..uIYR[28][4]
