7 6 | 4 0 0 5 4 4 1 5 0 1 5 0 2 6 4 3 9 4 0 i 2 m 0
8 4 0 1 3 3 9 2 9 3 0 8 2 4. i 0 3 8 5 4 5 9 0 m 0 8 0 1 5 5 9 2 8 0 0 1 2 0 1 3 0 4 1 9 2 i 5 0 9 9 4 2 0 m 0 8 0
0 1 3 4 0 5 9 1 9 n 4 0 1 3 1 5 8 1 4 9 4 8 2 5 9 4 2. 5. 1 5 4 1 5 3 3 2. i 0 1 3 m 0 8 9 9 4 i 8. 1 9 8 9 2 9 4 n 2
8 3 2 4 2. i 5 4 4 9 5 9 4 i 8. 0 4 1 9 0 1 5 5 9 2 0 1 4 h 2 4 3 9 4 f 3 0 5 4 4 3 9 0 1 5 0 1 5 3 2 2 4 0 4. i i 0. 1 9 3 0
9 0 8 5 0 8 4 2. i 4 8 9 9 3 1 9 0 8 1 5 4 4 h 4 8 1 5 3 2 4 0 5 9 8 3 3 9 0 9 5 9 0 1 5 3 2. i 4 0 2 8 5 0 m 3 3 9 2
9 2 5 9 1 9 8 2 1 5 1 9 2 5 4 4 3 9 0 2. i 3 0 1 3 m 0 8 9 9 3 8 9 3 2 i 0. 5 4 0 8 5 1 9 5 9 3 1 5 2 8 0 m 3 3 9 4
1 5 0 3 9 8 5 8 0 3 9 5 4 4 9 5 1 1 9 1 5 3 4 9 0 0 5 9 5 1 2 1 5 5 9 3 0 1 3 4 1 5 0 9 9 4 2 1 5 2. i 2 9 9 4 2 i 8. 8 1 2
1 9 0 8 9 0 3 9 2 3 2 1 9 1 5 5 4 3 8 0 7 6 7 7 6 CLEAR | 7 0 8 9 4 0 3 1 5 3 9 5 9
0 9 0 1 0 i 9. 5 9 1 9 n 4 i 0. 5: 4 0 5 9 i 0. 3 4 0 1 5 1 9 4 3 9 0 9 4 4 8 5 8 2 n 3 5 4 2 0 5 9 0 1 2 2 5 4 8 0 0 1 0
8 0 3 9 5 1 9 3 5 9 0 9 4 1 9 0 f 0 8 5 2 4 0 0 2 5 9 0 i 8. 3 9 1 9 4 0 1 4 4. i 8 5 2 3 2 9 4 0 4 1 9 2 4 0
4. i 5 4 4 1 5 2 4. i 3 9 1 5 4 9 2 2. 5. 1 5 1 9 4 9 4 8 5 4 3 4. i 1 9 2 9 3 5 9 2 0 5 9 2 4 1 9 8 9 3 0 7 6 |
