76
91 50 89 40 32 48 93 24 89 93 15 48 59 00 13
0
58 12 51 24 19 0 93 80 01 36 51
29 94 27
15 2 93 92 85 93 94
1 15 51 24 01 53 51 35 42 40 04 00 08 00 59 54 80 41 90 90 05 44 93 40 15 19 46 15 05 48 05 92 8 34
29 54 81 48 2
15 91 93
15 39 59 8 48 94 39
43
39 15 30 39 08 12 94 51 24 89 82 95 44 91 53 34 15 09 01 44 03 15 0 39 85 80 34 08 51 98 85 19 82 43 93 59 09
94 54 08 59 40 10 29 48 12 19 08 05 12 45 12 80 12 54 41 55 91 93 04 19 24 05 48 10
40 00 80 7 51 24 01 50 20 10 44 04 01 00 54 49 01 19 01 50 54
24 03 90 94 40 8 12 15 05 44 81 48 22 43 15 48 99 27 21 90 85 93 80
15 08 93 49 89 09 01 4
39 54 48 59 0
40
1
19 08 2 54 49 74 01 93
05 93 45 12 84
19 08 59 3 80 12 15 08 52 85 93 82 15 05 44
76
76
40 05 44 15 01 50 26 4 39 40 12 08 40 13 39 29 30 82
03 8 54 59 00 80 15 59 28 00 12 01 30 41 92 15 09 94 20 08 00 13 40 59 19 40 13 15 81 49 48 25 94
15 4 15 33
01 30 89 94
19 89 29 42 83 24
54 49 59 4
04 19 01 55 92 01 42 43 94 30 54 43 90 15 01 53 22 40
19 30 90 85 08 4
48 9 93 19 08 15 44 48 15 32 40 59 83 39 09 59 01 53
40 28 50 33 92 92 59 19 82 15 19 2 54 43 90
3 01 30 89 93 89 32
54 08 51 95 93 15 28 03 39 41 50 39 85 80 39 54 49 51 19 15 34 90 05 95 12 15 59 30 13 41 50 99 42 15
29 94 2
81 21 90 89 03 92 32 19 15 54 3 80 76 7 76
7 08 94 03 15 39 59 09 01 0
59 19 4
40 59
3 40 15 19 43 90 94 48 58 23 54 20 59 01 22 54 80 01 08 03 95 19 35 90 94 19 00 85 24 00 25 90
39 19 40 14
85 23 29 40 41 92 40
54 41 52
39 15 4 92
15 19 49 48 54 3
19 2 93 59 20 59 24 19 89 30 76
