# f.410 (694/08 file 0511, film label 0512), cipher groups only, reconciled GAPS162 3 Oct 2026 from passA/passB + native zoom; low = passes split or one pass marked ?
L01 59:low 60 35 28 16 32 | 57:low
L02 120 66 21 13 50 27 72 35 26:low 33 9 21 59 66 14 33:low 91 60 10 29
L03 30 22 6 26
L04 120 59 66 81 35:low 9 44 21 10 103
L05 100 25 15 12 50 60 10 27 28:low 17 50 24:low
L06 381 66 48:low 39 99 35 27:low 42 54 51 10 16 14 28 26
M1 10 96 29 74 5 35:low 53 33 46 58 380:low
L08 51 66 5 33 39:low
M2 60 24 67 10 44 19 57 35 90 16 29 2 66 217 4001:low 392
L10 520:low 35 14 72 25 26 7 10 60 69 80 28 3:low 16 27 28
L11 399 481:low
M3 14 35 580 120 33 21 32 35 30 22 14 59 10 21 28 2 31 10 14 52
L13 553 391 66 94 217 611 59 33 54 72 25 14 52 103 34 27 46 21 30 35
L14 273 481 388 58 26 32 1 46 12 51 613 217 388 398 21 35 36 10
M4 60 50 27 39 10 14 17 16 6 60 44 67 80 43 50:low 39 29:low 42 54 92:low
L16 58:low 402 2 26 66 625 390 400 487 64 16 14 28 60:low 66 9 27 35
M5 536:low 399
