TARGET: r_fam=0.630  r_1xyz=0.208  r_34=0.422  r_row=-0.063  S_w=0.621  z0_3=0.387  z0_4=0.390  rare3=0.076  rare4=0.059  part_share=0.358  distinct=216  singletons=139

design stat           mean     sd     p05     p95  target    pct
A      r_fam        -0.107  0.025  -0.144  -0.059   0.630  100.0
A      r_1xyz        0.093  0.152  -0.114   0.419   0.208   80.0
A      r_34         -0.021  0.102  -0.134   0.238   0.422  100.0
A      r_row         0.119  0.091   0.005   0.281  -0.063    1.7
A      S_w           0.005  0.008   0.000   0.025   0.621  100.0
A      z0_3          0.541  0.158   0.250   0.867   0.387   11.7
A      z0_4          0.809  0.050   0.718   0.894   0.390    0.0
A      rare3         0.083  0.101   0.000   0.250   0.076   58.3
A      rare4         0.000  0.000   0.000   0.000   0.059  100.0
A      part_share    0.827  0.027   0.783   0.875   0.358    0.0
A      distinct     98.167  6.926  88.000 110.000 216.000  100.0
A      singletons   44.183  6.326  34.000  55.000 139.000  100.0

A2     r_fam        -0.112  0.023  -0.148  -0.074   0.630  100.0
A2     r_1xyz       -0.001  0.007   0.000   0.000   0.208  100.0
A2     r_34         -0.000  0.003   0.000   0.000   0.422  100.0
A2     r_row        -0.031  0.041  -0.091   0.047  -0.063   20.0
A2     S_w           0.006  0.010   0.000   0.032   0.621  100.0
A2     z0_3          0.538  0.140   0.267   0.737   0.387   10.0
A2     z0_4          0.017  0.128   0.000   0.000   0.390   98.3
A2     rare3         0.081  0.100   0.000   0.227   0.076   56.7
A2     rare4         0.000  0.000   0.000   0.000   0.059  100.0
A2     part_share    0.959  0.015   0.932   0.984   0.358    0.0
A2     distinct     67.867  4.787  60.000  76.000 216.000  100.0
A2     singletons   19.783  4.340  13.000  27.000 139.000  100.0

B      r_fam         0.064  0.094  -0.059   0.274   0.630  100.0
B      r_1xyz        0.252  0.125   0.061   0.503   0.208   35.0
B      r_34          0.090  0.108  -0.070   0.303   0.422  100.0
B      r_row        -0.010  0.083  -0.130   0.135  -0.063   30.0
B      S_w           0.085  0.063   0.010   0.234   0.621  100.0
B      z0_3          0.109  0.042   0.042   0.175   0.387  100.0
B      z0_4          0.085  0.029   0.039   0.146   0.390  100.0
B      rare3         0.405  0.066   0.292   0.520   0.076    0.0
B      rare4         0.326  0.055   0.243   0.405   0.059    0.0
B      part_share    0.522  0.035   0.466   0.588   0.358    0.0
B      distinct    168.000 11.498 150.000 188.000 216.000  100.0
B      singletons  115.133 14.219  90.000 140.000 139.000   95.0

Bf     r_fam         0.491  0.134   0.249   0.715   0.630   83.3
Bf     r_1xyz        0.024  0.104  -0.122   0.258   0.208   91.7
Bf     r_34          0.056  0.116  -0.125   0.298   0.422  100.0
Bf     r_row         0.047  0.101  -0.089   0.279  -0.063   11.7
Bf     S_w           0.604  0.086   0.469   0.740   0.621   55.0
Bf     z0_3          0.354  0.048   0.280   0.443   0.387   76.7
Bf     z0_4          0.157  0.064   0.051   0.281   0.390  100.0
Bf     rare3         0.287  0.047   0.229   0.370   0.076    0.0
Bf     rare4         0.392  0.095   0.240   0.556   0.059    0.0
Bf     part_share    0.497  0.035   0.444   0.561   0.358    0.0
Bf     distinct    169.900 11.425 155.000 189.000 216.000  100.0
Bf     singletons  116.383 14.030  97.000 142.000 139.000   91.7

C      r_fam        -0.042  0.089  -0.165   0.115   0.630  100.0
C      r_1xyz       -0.032  0.093  -0.154   0.157   0.208  100.0
C      r_34         -0.032  0.114  -0.204   0.219   0.422  100.0
C      r_row        -0.036  0.097  -0.182   0.117  -0.063   43.3
C      S_w           0.062  0.055   0.008   0.184   0.621  100.0
C      z0_3          0.132  0.050   0.057   0.222   0.387  100.0
C      z0_4          0.088  0.037   0.036   0.159   0.390  100.0
C      rare3         0.389  0.067   0.273   0.478   0.076    0.0
C      rare4         0.393  0.068   0.262   0.525   0.059    0.0
C      part_share    0.626  0.028   0.580   0.672   0.358    0.0
C      distinct    169.050 11.673 153.000 189.000 216.000  100.0
C      singletons  115.667 14.208  95.000 142.000 139.000   91.7

C2     r_fam         0.011  0.109  -0.126   0.270   0.630  100.0
C2     r_1xyz        0.010  0.110  -0.121   0.239   0.208   95.0
C2     r_34          0.019  0.113  -0.136   0.267   0.422  100.0
C2     r_row         0.013  0.094  -0.129   0.159  -0.063   21.7
C2     S_w           0.098  0.072   0.019   0.251   0.621  100.0
C2     z0_3          0.100  0.030   0.054   0.164   0.387  100.0
C2     z0_4          0.095  0.054   0.029   0.219   0.390  100.0
C2     rare3         0.416  0.052   0.343   0.521   0.076    0.0
C2     rare4         0.404  0.110   0.206   0.600   0.059    0.0
C2     part_share    0.620  0.028   0.575   0.669   0.358    0.0
C2     distinct    171.017 11.645 156.000 190.000 216.000  100.0
C2     singletons  117.567 14.308  97.000 143.000 139.000   90.0

