52 61 34 12 53 23 61 33 41 61 61 12 62 61 21 61 12 32 61 71 62 23 71 52 21 44 71 61 61 71 33 53 12 34 43
41 12 53 61 34 61 71 21 53 53 12 23 71 62 23 61 63 61 14 42 61 62 53 53 12 21 61 61 14 61
41 61 52 61 71 43 34 53 61 62 61 71 41 53 41 11 23 61 12 41 53 61 53 34 52 61 11 53 24 62 61 71 23 43
52 61 63 61 61 43 41
21 53 53 12 41 52 44 71 52 32 44 14 11 61 51 51 61 71
52 61 44 24 41 53 12 23 43 61 61 12 62 62 61
44 12 12 44 71 52 61 22 61 71 41 61 71 41 53 41 61 61 71 61 44 71 62 61 12 61 44 53 53 12 41 52 61
14 31 42 61 61 64 34 61 62 23 41 23 61 41 61 21 61 12 41 12 61 42 42 61 71 71 44 44 12
51 44 41 44 21 23 44 24 23 41 61 61 71 61 71 44 71 62 61 12 61 71 53 53 12 41 21 44 71 61 24 12 53 34 44
12 61 24 43 43 61 61 12 62 61 61 71 61 44 44 71 32 23 61 71
14 31 42 61 21 61 12 42 23 71 52 62 61 12 22 23 14 23 41 44 23 12 61 22 44 52 41 21 53 53 12 23 44 21 44
32 44 14 63 53 12 62 61 71 44 44 71 52 61 51 12 44 ?2 41
11 61 61 12 52 53 24 21 61 12 71 61 24 12 52 61 71 61 12 44 44 14 32 24 14 42 43 23 71
42 61 33 12 61 41 61 42 42 61 52 61 14 23 61 54 41 41 61 33 53 22 22 24 71 23 33 61 12 61 71
