52 34 12 53 23 33 41 12 62 21 12 32 71 62 23 71 52 21 44 71 71 33 53 12 34 43
41 12 53 34 71 21 53 53 12 23 71 62 23 63 14 42 62 53 53 12 21 14
41 52 71 43 34 53 62 71 41 53 41 11 23 12 41 53 53 34 52 11 53 24 62 71 23 43
52 63 43 41
21 53 53 12 41 52 44 71 52 32 44 14 11 51 51 71
52 44 24 41 53 12 23 43 12 62 62
44 12 12 44 71 52 22 71 41 71 41 53 41 71 44 71 62 12 44 53 53 12 41 52
14 31 42 64 34 62 23 41 23 41 21 12 41 12 42 42 71 71 44 44 12
51 44 41 44 21 23 44 24 23 41 71 71 44 71 62 12 71 53 53 12 41 21 44 71 24 12 53 34 44
12 24 43 43 12 62 71 44 44 71 32 23 71
14 31 42 21 12 42 23 71 52 62 12 22 23 14 23 41 44 23 12 22 44 52 41 21 53 53 12 23 44 21 44
32 44 14 63 53 12 62 71 44 44 71 52 51 12 44 ?2 41
11 12 52 53 24 21 12 71 24 12 52 71 12 44 44 14 32 24 14 42 43 23 71
42 33 12 41 42 42 52 14 23 54 41 41 33 53 22 22 24 71 23 33 12 71
