# AOSB I:4 pp.341-342 footnote cipher, reconciled from two blind Sonnet reads per block (A/B/C crops of the owner's
# screenshots, private repo) + one reconciliation pass by eye at 6x; '?' = digit the reads split and the zoom did not settle;
# ^? = superscript mark count unsettled. Starts after "klaven finnes i Riksarkivet:" (p.341 fn2).
17 42 12 65 24 50 30 60 Λ Θ П 1775 959 13 37 21 62 65 18 70 Q O
39 12 58 68 62 88 78 57 37 60 18 λ 65 50 16 26 49 53 21 29 62
F Z V |fn3| γ Ц 65 42 N 959 401 16 40 24 55 70 60 20 34 |fn4| 17 42
12 37 65 60 41 62 86 70 81 63 78 R Q 29 V 1520'' 57 45 49 50 63
374'' λ F 70 16 18 87 24 26 78 48 32 53 1974 1856 1981 |fn5| 1775 65
37 16 26 62 12 84 21 57 591^? 1837'' 57 62 46 42 16 60 63 40 41 78
60 40 16 18 70 82 22 20 84 12 39 78 20 17 50 37 |fn6| 45 34 17 42
12 24 18 40 60 43 58 65 28 29 1421^? 63 37 42 71 41 53 61 45 57 20 79
|fn8| 38 20 86 62 18 42 41 50 65 81 78 73 64 57 62 63 12 1209^?
1440 12 18 1369 21 37 69 45 41 45 16 29 50 63 87 14 40 46 20 53
|p342|
60 63 20 22 24 79 48 N V M F Q 72 58 84 56 53 65 78 45 12 60 18
87 62 16 40 68 24 70 86 84 65 76 20 42 18 87 18 45 86 58 41 53
64 49 56 14 57 58 21 78 65 62 1369 20 55 70 17 42 40 8?7 895''''
50 87 89 20 18 591 65 26 62 70 64 81 78 58 78 |fn1| 591 1421 63
87 62 64 41 40 71 56 50 45 16 18 20 79 |fn2| 58 18 484^? 62 64 65
70 50 81 69 56 42 53 20 65 |fn3| 1294''' 62 89 47 20 72 41 48 80
87 16 13 45 49 53 |fn4| 70 16 18 87 57 70 79 65 62 60 42 18 62
|fn5| 16 37 900'' 29 62 57 58 60 26 53 12 58 26 846 recte 1369 62 64
65 42 63 70 16 1973 68 56 16 76 70 18 28 49 87 18 42 68 1887 62
16 42 70 50 78 65 37 73 84 |fn6| 42 18 1974 1980 1856 45 19 60 62
18 37 26 50 49 |fn7| 57 37 65 37 18 484'' 1421 68 45 78 24 56 57
70 81 53 26 62 12 63 61 20 49 45 16 65 44 12 68 88 62 42 68 77
50 62 73 91 58 |fn8| 65 87 50 62 18 70 20 17 42 87 65 58 12 1195''
|fn10| 20 13 1775 60 ?7 41 18 62 65 60 42 63 71 20 16 18 12 18
62 65 71 70 73 81 50 68 87 65 73 53 42 18 60 56 16 18 42 68 26
78 65 1784
|fn11| 37 18 12 13 62 42 16 60 18 70 65 1980 62 63 64 57 53 65
73 62 40 16 37 63 78 24 1839 69 12 68 37 49 53 18 20 26 17 42 53
211'' 65 62 36 70 34 57 20 16 81 62 26 58 63 64 12 49 28 57 37 18
